1735863868228 0.0 14
1735863870800 0.0 14
1735863905318 1.0 29
1735863908119 1.0 29
1735863942612 2.0 44
1735863945515 2.0 44
1735863980109 3.0 59
1735863982937 3.0 59
1735864017591 4.0 74
1735864020558 4.0 74
1735864055163 5.0 89
1735864058109 5.0 89
1735864079587 6.0 99
1735864092787 6.0 104
1735864095669 6.0 104
1735864130381 7.0 119
1735864131715 7.0 119
1735864166367 8.0 134
1735864169207 8.0 134
1735864204105 9.0 149
1735864207028 9.0 149
1735864241638 10.0 164
1735864243052 10.0 164
1735864277742 11.0 179
1735864280686 11.0 179
1735864315290 12.0 194
1735864318250 12.0 194
1735864329160 13.0 199
1735864352853 13.0 209
1735864355821 13.0 209
1735864390478 14.0 224
1735864393314 14.0 224
1735864427944 15.0 239
1735864430893 15.0 239
1735864465661 16.0 254
1735864468563 16.0 254
1735864503155 17.0 269
1735864506223 17.0 269
1735864540953 18.0 284
1735864543891 18.0 284
1735864575728 19.0 299
1735864578421 19.0 299
1735864581278 19.0 299
1735864615871 20.0 314
1735864618789 20.0 314
1735864653518 21.0 329
1735864656567 21.0 329
1735864691296 22.0 344
1735864692668 22.0 344
1735864727322 23.0 359
1735864730369 23.0 359
1735864765031 24.0 374
1735864767898 24.0 374
1735864802537 25.0 389
1735864803973 25.0 389
1735864825381 26.0 399
1735864838541 26.0 404
1735864841428 26.0 404
1735864876051 27.0 419
1735864879257 27.0 419
1735864914006 28.0 434
1735864916943 28.0 434
1735864951615 29.0 449
1735864954548 29.0 449
1735864989137 30.0 464
1735864992138 30.0 464
1735865026747 31.0 479
1735865029689 31.0 479
1735865064229 32.0 494
1735865067216 32.0 494
1735865078094 33.0 499
1735865101721 33.0 509
1735865104761 33.0 509
1735865139344 34.0 524
1735865142239 34.0 524
1735865176939 35.0 539
1735865179904 35.0 539
1735865214499 36.0 554
1735865217446 36.0 554
1735865251984 37.0 569
1735865254952 37.0 569
1735865289562 38.0 584
1735865292428 38.0 584
1735865324293 39.0 599
1735865326979 39.0 599
1735865329946 39.0 599
1735865364681 40.0 614
1735865367576 40.0 614
1735865402092 41.0 629
1735865405049 41.0 629
1735865439686 42.0 644
1735865441124 42.0 644
1735865475746 43.0 659
1735865477191 43.0 659
1735865511803 44.0 674
1735865514746 44.0 674
1735865549431 45.0 689
1735865552299 45.0 689
1735865573734 46.0 699
1735865586885 46.0 704
1735865588224 46.0 704
1735865622882 47.0 719
1735865625896 47.0 719
1735865660538 48.0 734
1735865663359 48.0 734
1735865698020 49.0 749
1735865700984 49.0 749
1735865735548 50.0 764
1735865738481 50.0 764
1735865773126 51.0 779
1735865776165 51.0 779
1735865810750 52.0 794
1735865814168 52.0 794
1735865825108 53.0 799
1735865848811 53.0 809
1735865850270 53.0 809
1735865884867 54.0 824
1735865887738 54.0 824
1735865922328 55.0 839
1735865925190 55.0 839
1735865959770 56.0 854
1735865962936 56.0 854
1735865997585 57.0 869
1735866000629 57.0 869
1735866035230 58.0 884
1735866038373 58.0 884
1735866070283 59.0 899
1735866072947 59.0 899
1735866075951 59.0 899
1735866110555 60.0 914
1735866111989 60.0 914
1735866146617 61.0 929
1735866149746 61.0 929
1735866184271 62.0 944
1735866187242 62.0 944
1735866221808 63.0 959
1735866223154 63.0 959
1735866257703 64.0 974
1735866259148 64.0 974
1735866293806 65.0 989
1735866295250 65.0 989
1735866316696 66.0 999
1735866329872 66.0 1004
1735866332863 66.0 1004
1735866367428 67.0 1019
1735866370284 67.0 1019
1735866404873 68.0 1034
1735866406333 68.0 1034
1735866440884 69.0 1049
1735866442285 69.0 1049
1735866476854 70.0 1064
1735866479904 70.0 1064
1735866514492 71.0 1079
1735866517347 71.0 1079
1735866552004 72.0 1094
1735866554955 72.0 1094
1735866565858 73.0 1099
1735866589546 73.0 1109
1735866592520 73.0 1109
1735866627287 74.0 1124
1735866628728 74.0 1124
1735866663418 75.0 1139
1735866666403 75.0 1139
1735866701099 76.0 1154
1735866702578 76.0 1154
1735866737330 77.0 1169
1735866740356 77.0 1169
1735866774937 78.0 1184
1735866776364 78.0 1184
1735866808361 79.0 1199
1735866811048 79.0 1199
1735866814110 79.0 1199
1735866848684 80.0 1214
1735866851646 80.0 1214
1735866886260 81.0 1229
1735866887657 81.0 1229
1735866922274 82.0 1244
1735866923693 82.0 1244
1735866958404 83.0 1259
1735866959865 83.0 1259
1735866994534 84.0 1274
1735866995970 84.0 1274
1735867030511 85.0 1289
1735867032000 85.0 1289
1735867053432 86.0 1299
1735867066740 86.0 1304
1735867069925 86.0 1304
1735867104511 87.0 1319
1735867105945 87.0 1319
1735867140546 88.0 1334
1735867143491 88.0 1334
1735867178236 89.0 1349
1735867181479 89.0 1349
1735867216041 90.0 1364
1735867217379 90.0 1364
1735867252090 91.0 1379
1735867253461 91.0 1379
1735867288062 92.0 1394
1735867290926 92.0 1394
1735867301821 93.0 1399
1735867325552 93.0 1409
1735867326998 93.0 1409
1735867361582 94.0 1424
1735867362985 94.0 1424
1735867397646 95.0 1439
1735867400588 95.0 1439
1735867435217 96.0 1454
1735867436561 96.0 1454
1735867471106 97.0 1469
1735867474213 97.0 1469
1735867508823 98.0 1484
1735867510171 98.0 1484
1735867542079 99.0 1499
1735867544735 99.0 1499
1735867546219 99.0 1499
