1735864079587 9.767190933227539 99
1735864329160 9.767450332641602 199
1735864575728 9.769224166870117 299
1735864825381 9.766669273376465 399
1735865078094 9.767653465270996 499
1735865324293 9.769428253173828 599
1735865573734 9.76687240600586 699
1735865825108 9.767857551574707 799
1735866070283 9.769632339477539 899
1735866316696 9.76707649230957 999
1735866565858 9.768060684204102 1099
1735866808361 9.76983642578125 1199
1735867053432 9.767280578613281 1299
1735867301821 9.768264770507812 1399
1735867542079 9.770040512084961 1499
