1735863870800 9.743046760559082 14
1735863908119 9.760380744934082 29
1735863945515 9.75916576385498 44
1735863982937 9.759174346923828 59
1735864020558 9.759183883666992 74
1735864058109 9.759196281433105 89
1735864095669 9.759204864501953 104
1735864131715 9.759214401245117 119
1735864169207 9.75922679901123 134
1735864207028 9.759235382080078 149
1735864243052 9.759246826171875 164
1735864280686 9.759622573852539 179
1735864318250 9.759866714477539 194
1735864355821 9.75987720489502 209
1735864393314 9.759888648986816 224
1735864430893 9.759897232055664 239
1735864468563 9.759907722473145 254
1735864506223 9.759919166564941 269
1735864543891 9.759927749633789 284
1735864581278 9.75993824005127 299
1735864618789 9.759949684143066 314
1735864656567 9.759958267211914 329
1735864692668 9.759968757629395 344
1735864730369 9.759980201721191 359
1735864767898 9.759988784790039 374
1735864803973 9.75999927520752 389
1735864841428 9.760010719299316 404
1735864879257 9.760019302368164 419
1735864916943 9.760029792785645 434
1735864954548 9.760041236877441 449
1735864992138 9.760049819946289 464
1735865029689 9.76006031036377 479
1735865067216 9.760071754455566 494
1735865104761 9.760080337524414 509
1735865142239 9.760091781616211 524
1735865179904 9.760102272033691 539
1735865217446 9.760110855102539 554
1735865254952 9.760122299194336 569
1735865292428 9.760132789611816 584
1735865329946 9.760141372680664 599
1735865367576 9.760152816772461 614
1735865405049 9.760163307189941 629
1735865441124 9.760172843933105 644
1735865477191 9.760183334350586 659
1735865514746 9.760193824768066 674
1735865552299 9.76020336151123 689
1735865588224 9.760213851928711 704
1735865625896 9.760224342346191 719
1735865663359 9.760233879089355 734
1735865700984 9.760244369506836 749
1735865738481 9.760254859924316 764
1735865776165 9.76026439666748 779
1735865814168 9.760274887084961 794
1735865850270 9.760285377502441 809
1735865887738 9.760294914245605 824
1735865925190 9.760305404663086 839
1735865962936 9.760315895080566 854
1735866000629 9.76032543182373 869
1735866038373 9.760335922241211 884
1735866075951 9.760346412658691 899
1735866111989 9.760355949401855 914
1735866149746 9.760366439819336 929
1735866187242 9.760376930236816 944
1735866223154 9.76038646697998 959
1735866259148 9.760396957397461 974
1735866295250 9.760407447814941 989
1735866332863 9.760416984558105 1004
1735866370284 9.760427474975586 1019
1735866406333 9.760437965393066 1034
1735866442285 9.76044750213623 1049
1735866479904 9.760457992553711 1064
1735866517347 9.760468482971191 1079
1735866554955 9.760478019714355 1094
1735866592520 9.760488510131836 1109
1735866628728 9.760499000549316 1124
1735866666403 9.76050853729248 1139
1735866702578 9.760519027709961 1154
1735866740356 9.760529518127441 1169
1735866776364 9.760539054870605 1184
1735866814110 9.760549545288086 1199
1735866851646 9.760560035705566 1214
1735866887657 9.76056957244873 1229
1735866923693 9.760581016540527 1244
1735866959865 9.760590553283691 1259
1735866995970 9.760600090026855 1274
1735867032000 9.760611534118652 1289
1735867069925 9.760621070861816 1304
1735867105945 9.76063060760498 1319
1735867143491 9.760642051696777 1334
1735867181479 9.760651588439941 1349
1735867217379 9.760661125183105 1364
1735867253461 9.760672569274902 1379
1735867290926 9.760682106018066 1394
1735867326998 9.76069164276123 1409
1735867362985 9.760703086853027 1424
1735867400588 9.760712623596191 1439
1735867436561 9.760722160339355 1454
1735867474213 9.760733604431152 1469
1735867510171 9.760744094848633 1484
1735867546219 9.76075267791748 1499
