1735863870800 0.04063272848725319 14
1735863908119 0.03655356541275978 29
1735863945515 0.03723182529211044 44
1735863982937 0.03984782472252846 59
1735864020558 0.041752610355615616 74
1735864058109 0.04313834384083748 89
1735864095669 0.04361014440655708 104
1735864131715 0.0425165630877018 119
1735864169207 0.03941178694367409 134
1735864207028 0.03519941493868828 149
1735864243052 0.031202685087919235 164
1735864280686 0.02763657458126545 179
1735864318250 0.024069955572485924 194
1735864355821 0.020871635526418686 209
1735864393314 0.0182776041328907 224
1735864430893 0.016046566888689995 239
1735864468563 0.01421318482607603 254
1735864506223 0.01265154778957367 269
1735864543891 0.011354750953614712 284
1735864581278 0.010248501785099506 299
1735864618789 0.009258649311959743 314
1735864656567 0.00841773021966219 329
1735864692668 0.007754084654152393 344
1735864730369 0.007226819638162851 359
1735864767898 0.006599490065127611 374
1735864803973 0.006064085755497217 389
1735864841428 0.005629596300423145 404
1735864879257 0.005250226240605116 419
1735864916943 0.004919089376926422 434
1735864954548 0.004636786878108978 449
1735864992138 0.004422562662512064 464
1735865029689 0.004303462337702513 479
1735865067216 0.003903132164850831 494
1735865104761 0.0037024749908596277 509
1735865142239 0.003533537033945322 524
1735865179904 0.0033590642269700766 539
1735865217446 0.0031480309553444386 554
1735865254952 0.003015591762959957 569
1735865292428 0.002904303139075637 584
1735865329946 0.0027149647939950228 599
1735865367576 0.002642134902998805 614
1735865405049 0.0024879712145775557 629
1735865441124 0.002375413663685322 644
1735865477191 0.002334555145353079 659
1735865514746 0.00220085377804935 674
1735865552299 0.00212596682831645 689
1735865588224 0.002002519788220525 704
1735865625896 0.0020530594047158957 719
1735865663359 0.0018858967814594507 734
1735865700984 0.0018346619326621294 749
1735865738481 0.0016958048800006509 764
1735865776165 0.0017054228810593486 779
1735865814168 0.001629307516850531 794
1735865850270 0.001615698216482997 809
1735865887738 0.0015089756343513727 824
1735865925190 0.001415519742295146 839
1735865962936 0.001340055256150663 854
1735866000629 0.0012806429294869304 869
1735866038373 0.0013003145577386022 884
1735866075951 0.0012367602903395891 899
1735866111989 0.001301135285757482 914
1735866149746 0.0011730267433449626 929
1735866187242 0.001105582807213068 944
1735866223154 0.0010705871973186731 959
1735866259148 0.0011115919332951307 974
1735866295250 0.0011954200454056263 989
1735866332863 0.0010535016190260649 1004
1735866370284 0.0010183114791288972 1019
1735866406333 0.0011099959956482053 1034
1735866442285 0.000915400858502835 1049
1735866479904 0.0009048575884662569 1064
1735866517347 0.0007915413589216769 1079
1735866554955 0.0008132270886562765 1094
1735866592520 0.0008205751655623317 1109
1735866628728 0.0007971117156557739 1124
1735866666403 0.0007488374831154943 1139
1735866702578 0.0007376214489340782 1154
1735866740356 0.0007775815902277827 1169
1735866776364 0.0007911949651315808 1184
1735866814110 0.0007349754450842738 1199
1735866851646 0.0006852086517028511 1214
1735866887657 0.000654736184515059 1229
1735866923693 0.000621470739133656 1244
1735866959865 0.0006022173329256475 1259
1735866995970 0.0006697929929941893 1274
1735867032000 0.0005941157578490674 1289
1735867069925 0.0005951589555479586 1304
1735867105945 0.000622869876679033 1319
1735867143491 0.0006379233673214912 1334
1735867181479 0.0006192318396642804 1349
1735867217379 0.0004991418099962175 1364
1735867253461 0.0007324375910684466 1379
1735867290926 0.0006125244544818997 1394
1735867326998 0.00045307984692044556 1409
1735867362985 0.00042892069905065 1424
1735867400588 0.0005259619210846722 1439
1735867436561 0.0005873271147720516 1454
1735867474213 0.0006084689521230757 1469
1735867510171 0.00047959070070646703 1484
1735867546219 0.0005021571414545178 1499
