1735864079587 0.04643980413675308 99
1735864329160 0.023010795935988426 199
1735864575728 0.010483687743544579 299
1735864825381 0.006026719696819782 399
1735865078094 0.004022391512989998 499
1735865324293 0.0027934133540838957 599
1735865573734 0.0021076928824186325 699
1735865825108 0.001960232388228178 799
1735866070283 0.0012389419134706259 899
1735866316696 0.0010514865862205625 999
1735866565858 0.0009627399849705398 1099
1735866808361 0.0010436857119202614 1199
1735867053432 0.0006344511639326811 1299
1735867301821 0.00044561343383975327 1399
1735867542079 0.00043968064710497856 1499
