1735863870800 0.0010000000474974513 14
1735863908119 0.0010000000474974513 29
1735863945515 0.0010000000474974513 44
1735863982937 0.0010000000474974513 59
1735864020558 0.0010000000474974513 74
1735864058109 0.0010000000474974513 89
1735864095669 0.0010000000474974513 104
1735864131715 0.0010000000474974513 119
1735864169207 0.0010000000474974513 134
1735864207028 0.0010000000474974513 149
1735864243052 0.0010000000474974513 164
1735864280686 0.0010000000474974513 179
1735864318250 0.0010000000474974513 194
1735864355821 0.0010000000474974513 209
1735864393314 0.0010000000474974513 224
1735864430893 0.0010000000474974513 239
1735864468563 0.0010000000474974513 254
1735864506223 0.0010000000474974513 269
1735864543891 0.0010000000474974513 284
1735864581278 0.0010000000474974513 299
1735864618789 0.0010000000474974513 314
1735864656567 0.0010000000474974513 329
1735864692668 0.0010000000474974513 344
1735864730369 0.0010000000474974513 359
1735864767898 0.0010000000474974513 374
1735864803973 0.0010000000474974513 389
1735864841428 0.0010000000474974513 404
1735864879257 0.0010000000474974513 419
1735864916943 0.0010000000474974513 434
1735864954548 0.0010000000474974513 449
1735864992138 0.0010000000474974513 464
1735865029689 0.0010000000474974513 479
1735865067216 0.0010000000474974513 494
1735865104761 0.0010000000474974513 509
1735865142239 0.0010000000474974513 524
1735865179904 0.0010000000474974513 539
1735865217446 0.0010000000474974513 554
1735865254952 0.0010000000474974513 569
1735865292428 0.0010000000474974513 584
1735865329946 0.0010000000474974513 599
1735865367576 0.0010000000474974513 614
1735865405049 0.0010000000474974513 629
1735865441124 0.0010000000474974513 644
1735865477191 0.0010000000474974513 659
1735865514746 0.0010000000474974513 674
1735865552299 0.0010000000474974513 689
1735865588224 0.0010000000474974513 704
1735865625896 0.0010000000474974513 719
1735865663359 0.0010000000474974513 734
1735865700984 0.0010000000474974513 749
1735865738481 0.0010000000474974513 764
1735865776165 0.0010000000474974513 779
1735865814168 0.0010000000474974513 794
1735865850270 0.0010000000474974513 809
1735865887738 0.0010000000474974513 824
1735865925190 0.0010000000474974513 839
1735865962936 0.0010000000474974513 854
1735866000629 0.0010000000474974513 869
1735866038373 0.0010000000474974513 884
1735866075951 0.0010000000474974513 899
1735866111989 0.0010000000474974513 914
1735866149746 0.0010000000474974513 929
1735866187242 0.0010000000474974513 944
1735866223154 0.0010000000474974513 959
1735866259148 0.0010000000474974513 974
1735866295250 0.0010000000474974513 989
1735866332863 0.0010000000474974513 1004
1735866370284 0.0010000000474974513 1019
1735866406333 0.0010000000474974513 1034
1735866442285 0.0010000000474974513 1049
1735866479904 0.0010000000474974513 1064
1735866517347 0.0010000000474974513 1079
1735866554955 0.0010000000474974513 1094
1735866592520 0.0010000000474974513 1109
1735866628728 0.0010000000474974513 1124
1735866666403 0.0010000000474974513 1139
1735866702578 0.0010000000474974513 1154
1735866740356 0.0010000000474974513 1169
1735866776364 0.0010000000474974513 1184
1735866814110 0.0010000000474974513 1199
1735866851646 0.0010000000474974513 1214
1735866887657 0.0010000000474974513 1229
1735866923693 0.0010000000474974513 1244
1735866959865 0.0010000000474974513 1259
1735866995970 0.0010000000474974513 1274
1735867032000 0.0010000000474974513 1289
1735867069925 0.0010000000474974513 1304
1735867105945 0.0010000000474974513 1319
1735867143491 0.0010000000474974513 1334
1735867181479 0.0010000000474974513 1349
1735867217379 0.0010000000474974513 1364
1735867253461 0.0010000000474974513 1379
1735867290926 0.0010000000474974513 1394
1735867326998 0.0010000000474974513 1409
1735867362985 0.0010000000474974513 1424
1735867400588 0.0010000000474974513 1439
1735867436561 0.0010000000474974513 1454
1735867474213 0.0010000000474974513 1469
1735867510171 0.0010000000474974513 1484
1735867546219 0.0010000000474974513 1499
