1735864079587 0.0010000000474974513 99
1735864329160 0.0010000000474974513 199
1735864575728 0.0010000000474974513 299
1735864825381 0.0010000000474974513 399
1735865078094 0.0010000000474974513 499
1735865324293 0.0010000000474974513 599
1735865573734 0.0010000000474974513 699
1735865825108 0.0010000000474974513 799
1735866070283 0.0010000000474974513 899
1735866316696 0.0010000000474974513 999
1735866565858 0.0010000000474974513 1099
1735866808361 0.0010000000474974513 1199
1735867053432 0.0010000000474974513 1299
1735867301821 0.0010000000474974513 1399
1735867542079 0.0010000000474974513 1499
