1735863870800 nan 14
1735863908119 nan 29
1735863945515 nan 44
1735863982937 nan 59
1735864020558 nan 74
1735864058109 nan 89
1735864095669 nan 104
1735864131715 nan 119
1735864169207 nan 134
1735864207028 nan 149
1735864243052 nan 164
1735864280686 nan 179
1735864318250 nan 194
1735864355821 nan 209
1735864393314 nan 224
1735864430893 nan 239
1735864468563 nan 254
1735864506223 nan 269
1735864543891 nan 284
1735864581278 nan 299
1735864618789 nan 314
1735864656567 nan 329
1735864692668 nan 344
1735864730369 nan 359
1735864767898 nan 374
1735864803973 nan 389
1735864841428 nan 404
1735864879257 nan 419
1735864916943 nan 434
1735864954548 nan 449
1735864992138 nan 464
1735865029689 nan 479
1735865067216 nan 494
1735865104761 nan 509
1735865142239 nan 524
1735865179904 nan 539
1735865217446 nan 554
1735865254952 nan 569
1735865292428 nan 584
1735865329946 nan 599
1735865367576 nan 614
1735865405049 nan 629
1735865441124 nan 644
1735865477191 nan 659
1735865514746 nan 674
1735865552299 nan 689
1735865588224 nan 704
1735865625896 nan 719
1735865663359 nan 734
1735865700984 nan 749
1735865738481 nan 764
1735865776165 nan 779
1735865814168 nan 794
1735865850270 nan 809
1735865887738 nan 824
1735865925190 nan 839
1735865962936 nan 854
1735866000629 nan 869
1735866038373 nan 884
1735866075951 nan 899
1735866111989 nan 914
1735866149746 nan 929
1735866187242 nan 944
1735866223154 nan 959
1735866259148 nan 974
1735866295250 nan 989
1735866332863 nan 1004
1735866370284 nan 1019
1735866406333 nan 1034
1735866442285 nan 1049
1735866479904 nan 1064
1735866517347 nan 1079
1735866554955 nan 1094
1735866592520 nan 1109
1735866628728 nan 1124
1735866666403 nan 1139
1735866702578 nan 1154
1735866740356 nan 1169
1735866776364 nan 1184
1735866814110 nan 1199
1735866851646 nan 1214
1735866887657 nan 1229
1735866923693 nan 1244
1735866959865 nan 1259
1735866995970 nan 1274
1735867032000 nan 1289
1735867069925 nan 1304
1735867105945 nan 1319
1735867143491 nan 1334
1735867181479 nan 1349
1735867217379 nan 1364
1735867253461 nan 1379
1735867290926 nan 1394
1735867326998 nan 1409
1735867362985 nan 1424
1735867400588 nan 1439
1735867436561 nan 1454
1735867474213 nan 1469
1735867510171 nan 1484
1735867546219 nan 1499
