1735863870800 0.770560085773468 14
1735863908119 0.7629354000091553 29
1735863945515 0.7582908868789673 44
1735863982937 0.7532016634941101 59
1735864020558 0.7475697994232178 74
1735864058109 0.741375207901001 89
1735864095669 0.7345244288444519 104
1735864131715 0.7277849912643433 119
1735864169207 0.7216638922691345 134
1735864207028 0.7163829803466797 149
1735864243052 0.7120069265365601 164
1735864280686 0.7084996700286865 179
1735864318250 0.7057672142982483 194
1735864355821 0.703624427318573 209
1735864393314 0.70194411277771 224
1735864430893 0.700625479221344 239
1735864468563 0.6995793581008911 254
1735864506223 0.6987354159355164 269
1735864543891 0.6980485320091248 284
1735864581278 0.6974813938140869 299
1735864618789 0.6970062255859375 314
1735864656567 0.6966074109077454 329
1735864692668 0.6962664127349854 344
1735864730369 0.6959936022758484 359
1735864767898 0.6957219243049622 374
1735864803973 0.6954902410507202 389
1735864841428 0.6952890753746033 404
1735864879257 0.695110559463501 419
1735864916943 0.6949489116668701 434
1735864954548 0.6948089599609375 449
1735864992138 0.6946915984153748 464
1735865029689 0.6945772767066956 479
1735865067216 0.6944540143013 494
1735865104761 0.6943560838699341 509
1735865142239 0.6942719221115112 524
1735865179904 0.6941913366317749 539
1735865217446 0.6941143870353699 554
1735865254952 0.6940478682518005 569
1735865292428 0.6939842700958252 584
1735865329946 0.6939258575439453 599
1735865367576 0.6938759684562683 614
1735865405049 0.693824827671051 629
1735865441124 0.693775475025177 644
1735865477191 0.6937344074249268 659
1735865514746 0.693701446056366 674
1735865552299 0.6936625242233276 689
1735865588224 0.6936197876930237 704
1735865625896 0.6935932040214539 719
1735865663359 0.6935597658157349 734
1735865700984 0.6935341358184814 749
1735865738481 0.6935036778450012 764
1735865776165 0.6934754848480225 779
1735865814168 0.6934478878974915 794
1735865850270 0.6934425234794617 809
1735865887738 0.6934067010879517 824
1735865925190 0.6933832764625549 839
1735865962936 0.6933597922325134 854
1735866000629 0.6933375597000122 869
1735866038373 0.6933251619338989 884
1735866075951 0.6933149099349976 899
1735866111989 0.6933004856109619 914
1735866149746 0.6932843923568726 929
1735866187242 0.693264365196228 944
1735866223154 0.6932472586631775 959
1735866259148 0.693244993686676 974
1735866295250 0.6932503581047058 989
1735866332863 0.6932294964790344 1004
1735866370284 0.6932114958763123 1019
1735866406333 0.6932029724121094 1034
1735866442285 0.6931901574134827 1049
1735866479904 0.6931753754615784 1064
1735866517347 0.69316166639328 1079
1735866554955 0.693152666091919 1094
1735866592520 0.6931453347206116 1109
1735866628728 0.6931411027908325 1124
1735866666403 0.6931325197219849 1139
1735866702578 0.6931209564208984 1154
1735866740356 0.693120539188385 1169
1735866776364 0.6931175589561462 1184
1735866814110 0.6931067705154419 1199
1735866851646 0.6930989027023315 1214
1735866887657 0.6930921077728271 1229
1735866923693 0.6930853128433228 1244
1735866959865 0.6930782198905945 1259
1735866995970 0.6930795311927795 1274
1735867032000 0.6930761337280273 1289
1735867069925 0.6930677890777588 1304
1735867105945 0.6930646300315857 1319
1735867143491 0.6930612921714783 1334
1735867181479 0.6930537819862366 1349
1735867217379 0.6930469870567322 1364
1735867253461 0.693048894405365 1379
1735867290926 0.6930431723594666 1394
1735867326998 0.6930341720581055 1409
1735867362985 0.6930288076400757 1424
1735867400588 0.6930265426635742 1439
1735867436561 0.6930330395698547 1454
1735867474213 0.6930310726165771 1469
1735867510171 0.6930216550827026 1484
1735867546219 0.6930179595947266 1499
