1735863870800 0.7706909775733948 14
1735863908119 0.7630066871643066 29
1735863945515 0.758249819278717 44
1735863982937 0.7531809210777283 59
1735864020558 0.7475952506065369 74
1735864058109 0.7413179278373718 89
1735864095669 0.7345151901245117 104
1735864131715 0.7277548313140869 119
1735864169207 0.7216379046440125 134
1735864207028 0.7163896560668945 149
1735864243052 0.7120204567909241 164
1735864280686 0.7084967494010925 179
1735864318250 0.7057709693908691 194
1735864355821 0.7036430239677429 209
1735864393314 0.7019675970077515 224
1735864430893 0.7006099820137024 239
1735864468563 0.6995623707771301 254
1735864506223 0.6987230181694031 269
1735864543891 0.6980577111244202 284
1735864581278 0.6974855065345764 299
1735864618789 0.6970051527023315 314
1735864656567 0.696609616279602 329
1735864692668 0.6962716579437256 344
1735864730369 0.6960116028785706 359
1735864767898 0.6957083940505981 374
1735864803973 0.6954895257949829 389
1735864841428 0.6952798366546631 404
1735864879257 0.6951138973236084 419
1735864916943 0.6949406862258911 434
1735864954548 0.6947959661483765 449
1735864992138 0.6947035789489746 464
1735865029689 0.6945990324020386 479
1735865067216 0.6944658160209656 494
1735865104761 0.694349467754364 509
1735865142239 0.6942523121833801 524
1735865179904 0.694176971912384 539
1735865217446 0.6940925121307373 554
1735865254952 0.6940338015556335 569
1735865292428 0.694007158279419 584
1735865329946 0.693975567817688 599
1735865367576 0.6938226819038391 614
1735865405049 0.6937306523323059 629
1735865441124 0.6938022375106812 644
1735865477191 0.6937885880470276 659
1735865514746 0.6937167644500732 674
1735865552299 0.6936440467834473 689
1735865588224 0.6935812830924988 704
1735865625896 0.6936280131340027 719
1735865663359 0.6935568451881409 734
1735865700984 0.6935575604438782 749
1735865738481 0.693510115146637 764
1735865776165 0.6934931874275208 779
1735865814168 0.6934617757797241 794
1735865850270 0.6934981346130371 809
1735865887738 0.6933994293212891 824
1735865925190 0.6934370994567871 839
1735865962936 0.6934301257133484 854
1735866000629 0.6932788491249084 869
1735866038373 0.6933997273445129 884
1735866075951 0.6932926177978516 899
1735866111989 0.6932060718536377 914
1735866149746 0.6933110952377319 929
1735866187242 0.6931937336921692 944
1735866223154 0.6932398080825806 959
1735866259148 0.6932777762413025 974
1735866295250 0.6932801008224487 989
1735866332863 0.6932712197303772 1004
1735866370284 0.6930769681930542 1019
1735866406333 0.6932737827301025 1034
1735866442285 0.6932041645050049 1049
1735866479904 0.6931458115577698 1064
1735866517347 0.6931658983230591 1079
1735866554955 0.6931229829788208 1094
1735866592520 0.6931014657020569 1109
1735866628728 0.693213939666748 1124
1735866666403 0.6931501626968384 1139
1735866702578 0.6930477023124695 1154
1735866740356 0.6931015849113464 1169
1735866776364 0.6930395364761353 1184
1735866814110 0.69301837682724 1199
1735866851646 0.6931076049804688 1214
1735866887657 0.6931531429290771 1229
1735866923693 0.6931202411651611 1244
1735866959865 0.6930904984474182 1259
1735866995970 0.6930966973304749 1274
1735867032000 0.693067729473114 1289
1735867069925 0.693139374256134 1304
1735867105945 0.6931145191192627 1319
1735867143491 0.6930899620056152 1334
1735867181479 0.6930501461029053 1349
1735867217379 0.693092405796051 1364
1735867253461 0.6930690407752991 1379
1735867290926 0.6930170059204102 1394
1735867326998 0.6931245923042297 1409
1735867362985 0.6929436326026917 1424
1735867400588 0.6930698156356812 1439
1735867436561 0.6930052042007446 1454
1735867474213 0.6929963231086731 1469
1735867510171 0.6929483413696289 1484
1735867546219 0.693041980266571 1499
