1735864079587 0.7336098551750183 99
1735864329160 0.7040254473686218 199
1735864575728 0.6972630023956299 299
1735864825381 0.6952051520347595 399
1735865078094 0.6943714618682861 499
1735865324293 0.6939963102340698 599
1735865573734 0.6936911940574646 699
1735865825108 0.6935498714447021 799
1735866070283 0.6933106780052185 899
1735866316696 0.6931568384170532 999
1735866565858 0.6932234168052673 1099
1735866808361 0.6930608749389648 1199
1735867053432 0.6932045817375183 1299
1735867301821 0.6928547620773315 1399
1735867542079 0.693067729473114 1499
