1735863868251 9.743046760559082 0
1735863905339 9.760380744934082 1
1735863942634 9.75916576385498 2
1735863980131 9.759174346923828 3
1735864017613 9.759183883666992 4
1735864055184 9.759196281433105 5
1735864092809 9.759204864501953 6
1735864130404 9.759214401245117 7
1735864166391 9.75922679901123 8
1735864204128 9.759235382080078 9
1735864241660 9.759246826171875 10
1735864277765 9.759622573852539 11
1735864315312 9.759866714477539 12
1735864352875 9.75987720489502 13
1735864390501 9.759888648986816 14
1735864427967 9.759897232055664 15
1735864465684 9.759907722473145 16
1735864503178 9.759919166564941 17
1735864540976 9.759927749633789 18
1735864578444 9.75993824005127 19
1735864615894 9.759949684143066 20
1735864653540 9.759958267211914 21
1735864691319 9.759968757629395 22
1735864727344 9.759980201721191 23
1735864765053 9.759988784790039 24
1735864802560 9.75999927520752 25
1735864838563 9.760010719299316 26
1735864876074 9.760019302368164 27
1735864914028 9.760029792785645 28
1735864951637 9.760041236877441 29
1735864989159 9.760049819946289 30
1735865026770 9.76006031036377 31
1735865064252 9.760071754455566 32
1735865101743 9.760080337524414 33
1735865139367 9.760091781616211 34
1735865176962 9.760102272033691 35
1735865214522 9.760110855102539 36
1735865252007 9.760122299194336 37
1735865289585 9.760132789611816 38
1735865327002 9.760141372680664 39
1735865364704 9.760152816772461 40
1735865402115 9.760163307189941 41
1735865439708 9.760172843933105 42
1735865475768 9.760183334350586 43
1735865511826 9.760193824768066 44
1735865549453 9.76020336151123 45
1735865586907 9.760213851928711 46
1735865622905 9.760224342346191 47
1735865660561 9.760233879089355 48
1735865698042 9.760244369506836 49
1735865735571 9.760254859924316 50
1735865773148 9.76026439666748 51
1735865810774 9.760274887084961 52
1735865848834 9.760285377502441 53
1735865884890 9.760294914245605 54
1735865922351 9.760305404663086 55
1735865959792 9.760315895080566 56
1735865997609 9.76032543182373 57
1735866035253 9.760335922241211 58
1735866072970 9.760346412658691 59
1735866110578 9.760355949401855 60
1735866146640 9.760366439819336 61
1735866184294 9.760376930236816 62
1735866221831 9.76038646697998 63
1735866257726 9.760396957397461 64
1735866293829 9.760407447814941 65
1735866329895 9.760416984558105 66
1735866367451 9.760427474975586 67
1735866404896 9.760437965393066 68
1735866440907 9.76044750213623 69
1735866476877 9.760457992553711 70
1735866514515 9.760468482971191 71
1735866552027 9.760478019714355 72
1735866589569 9.760488510131836 73
1735866627310 9.760499000549316 74
1735866663442 9.76050853729248 75
1735866701123 9.760519027709961 76
1735866737353 9.760529518127441 77
1735866774960 9.760539054870605 78
1735866811072 9.760549545288086 79
1735866848708 9.760560035705566 80
1735866886283 9.76056957244873 81
1735866922297 9.760581016540527 82
1735866958428 9.760590553283691 83
1735866994557 9.760600090026855 84
1735867030534 9.760611534118652 85
1735867066763 9.760621070861816 86
1735867104534 9.76063060760498 87
1735867140569 9.760642051696777 88
1735867178258 9.760651588439941 89
1735867216064 9.760661125183105 90
1735867252114 9.760672569274902 91
1735867288085 9.760682106018066 92
1735867325575 9.76069164276123 93
1735867361605 9.760703086853027 94
1735867397669 9.760712623596191 95
1735867435240 9.760722160339355 96
1735867471129 9.760733604431152 97
1735867508847 9.760744094848633 98
1735867544759 9.76075267791748 99
