1735863868251 9.764687538146973 0
1735863905339 9.771482467651367 1
1735863942634 9.766908645629883 2
1735863980131 9.766918182373047 3
1735864017613 9.766928672790527 4
1735864055184 9.766939163208008 5
1735864092809 9.766948699951172 6
1735864130404 9.766959190368652 7
1735864166391 9.766969680786133 8
1735864204128 9.766979217529297 9
1735864241660 9.766990661621094 10
1735864277765 9.766579627990723 11
1735864315312 9.769153594970703 12
1735864352875 9.769163131713867 13
1735864390501 9.769173622131348 14
1735864427967 9.769184112548828 15
1735864465684 9.769193649291992 16
1735864503178 9.769204139709473 17
1735864540976 9.769214630126953 18
1735864578444 9.769224166870117 19
1735864615894 9.769234657287598 20
1735864653540 9.769245147705078 21
1735864691319 9.769254684448242 22
1735864727344 9.769265174865723 23
1735864765053 9.769275665283203 24
1735864802560 9.769285202026367 25
1735864838563 9.769296646118164 26
1735864876074 9.769306182861328 27
1735864914028 9.769315719604492 28
1735864951637 9.769327163696289 29
1735864989159 9.769336700439453 30
1735865026770 9.769346237182617 31
1735865064252 9.769357681274414 32
1735865101743 9.769367218017578 33
1735865139367 9.769377708435059 34
1735865176962 9.769388198852539 35
1735865214522 9.769397735595703 36
1735865252007 9.769408226013184 37
1735865289585 9.769418716430664 38
1735865327002 9.769428253173828 39
1735865364704 9.769438743591309 40
1735865402115 9.769449234008789 41
1735865439708 9.769458770751953 42
1735865475768 9.769469261169434 43
1735865511826 9.769479751586914 44
1735865549453 9.769489288330078 45
1735865586907 9.769499778747559 46
1735865622905 9.769510269165039 47
1735865660561 9.769519805908203 48
1735865698042 9.769530296325684 49
1735865735571 9.769540786743164 50
1735865773148 9.769550323486328 51
1735865810774 9.769560813903809 52
1735865848834 9.769571304321289 53
1735865884890 9.769580841064453 54
1735865922351 9.769591331481934 55
1735865959792 9.769601821899414 56
1735865997609 9.769611358642578 57
1735866035253 9.769622802734375 58
1735866072970 9.769632339477539 59
1735866110578 9.769641876220703 60
1735866146640 9.7696533203125 61
1735866184294 9.769662857055664 62
1735866221831 9.769672393798828 63
1735866257726 9.769683837890625 64
1735866293829 9.769693374633789 65
1735866329895 9.76970386505127 66
1735866367451 9.76971435546875 67
1735866404896 9.769723892211914 68
1735866440907 9.769734382629395 69
1735866476877 9.769744873046875 70
1735866514515 9.769754409790039 71
1735866552027 9.76976490020752 72
1735866589569 9.769775390625 73
1735866627310 9.769784927368164 74
1735866663442 9.769795417785645 75
1735866701123 9.769805908203125 76
1735866737353 9.769815444946289 77
1735866774960 9.76982593536377 78
1735866811072 9.76983642578125 79
1735866848708 9.769845962524414 80
1735866886283 9.769856452941895 81
1735866922297 9.769866943359375 82
1735866958428 9.769876480102539 83
1735866994557 9.76988697052002 84
1735867030534 9.7698974609375 85
1735867066763 9.769906997680664 86
1735867104534 9.769917488098145 87
1735867140569 9.769927978515625 88
1735867178258 9.769937515258789 89
1735867216064 9.769948959350586 90
1735867252114 9.76995849609375 91
1735867288085 9.769968032836914 92
1735867325575 9.769979476928711 93
1735867361605 9.769989013671875 94
1735867397669 9.769998550415039 95
1735867435240 9.770009994506836 96
1735867471129 9.77001953125 97
1735867508847 9.77003002166748 98
1735867544759 9.770040512084961 99
