1735863868251 0.04063272848725319 0
1735863905339 0.03655356541275978 1
1735863942634 0.03723182529211044 2
1735863980131 0.03984782472252846 3
1735864017613 0.041752610355615616 4
1735864055184 0.04313834384083748 5
1735864092809 0.04361014440655708 6
1735864130404 0.0425165630877018 7
1735864166391 0.03941178694367409 8
1735864204128 0.03519941493868828 9
1735864241660 0.031202685087919235 10
1735864277765 0.02763657458126545 11
1735864315312 0.024069955572485924 12
1735864352875 0.020871635526418686 13
1735864390501 0.0182776041328907 14
1735864427967 0.016046566888689995 15
1735864465684 0.01421318482607603 16
1735864503178 0.01265154778957367 17
1735864540976 0.011354750953614712 18
1735864578444 0.010248501785099506 19
1735864615894 0.009258649311959743 20
1735864653540 0.00841773021966219 21
1735864691319 0.007754084654152393 22
1735864727344 0.007226819638162851 23
1735864765053 0.006599490065127611 24
1735864802560 0.006064085755497217 25
1735864838563 0.005629596300423145 26
1735864876074 0.005250226240605116 27
1735864914028 0.004919089376926422 28
1735864951637 0.004636786878108978 29
1735864989159 0.004422562662512064 30
1735865026770 0.004303462337702513 31
1735865064252 0.003903132164850831 32
1735865101743 0.0037024749908596277 33
1735865139367 0.003533537033945322 34
1735865176962 0.0033590642269700766 35
1735865214522 0.0031480309553444386 36
1735865252007 0.003015591762959957 37
1735865289585 0.002904303139075637 38
1735865327002 0.0027149647939950228 39
1735865364704 0.002642134902998805 40
1735865402115 0.0024879712145775557 41
1735865439708 0.002375413663685322 42
1735865475768 0.002334555145353079 43
1735865511826 0.00220085377804935 44
1735865549453 0.00212596682831645 45
1735865586907 0.002002519788220525 46
1735865622905 0.0020530594047158957 47
1735865660561 0.0018858967814594507 48
1735865698042 0.0018346619326621294 49
1735865735571 0.0016958048800006509 50
1735865773148 0.0017054228810593486 51
1735865810774 0.001629307516850531 52
1735865848834 0.001615698216482997 53
1735865884890 0.0015089756343513727 54
1735865922351 0.001415519742295146 55
1735865959792 0.001340055256150663 56
1735865997609 0.0012806429294869304 57
1735866035253 0.0013003145577386022 58
1735866072970 0.0012367602903395891 59
1735866110578 0.001301135285757482 60
1735866146640 0.0011730267433449626 61
1735866184294 0.001105582807213068 62
1735866221831 0.0010705871973186731 63
1735866257726 0.0011115919332951307 64
1735866293829 0.0011954200454056263 65
1735866329895 0.0010535016190260649 66
1735866367451 0.0010183114791288972 67
1735866404896 0.0011099959956482053 68
1735866440907 0.000915400858502835 69
1735866476877 0.0009048575884662569 70
1735866514515 0.0007915413589216769 71
1735866552027 0.0008132270886562765 72
1735866589569 0.0008205751655623317 73
1735866627310 0.0007971117156557739 74
1735866663442 0.0007488374831154943 75
1735866701123 0.0007376214489340782 76
1735866737353 0.0007775815902277827 77
1735866774960 0.0007911949651315808 78
1735866811072 0.0007349754450842738 79
1735866848708 0.0006852086517028511 80
1735866886283 0.000654736184515059 81
1735866922297 0.000621470739133656 82
1735866958428 0.0006022173329256475 83
1735866994557 0.0006697929929941893 84
1735867030534 0.0005941157578490674 85
1735867066763 0.0005951589555479586 86
1735867104534 0.000622869876679033 87
1735867140569 0.0006379233673214912 88
1735867178258 0.0006192318396642804 89
1735867216064 0.0004991418099962175 90
1735867252114 0.0007324375910684466 91
1735867288085 0.0006125244544818997 92
1735867325575 0.00045307984692044556 93
1735867361605 0.00042892069905065 94
1735867397669 0.0005259619210846722 95
1735867435240 0.0005873271147720516 96
1735867471129 0.0006084689521230757 97
1735867508847 0.00047959070070646703 98
1735867544759 0.0005021571414545178 99
