1735863868251 0.03982815518975258 0
1735863905339 0.038773313164711 1
1735863942634 0.04118383675813675 2
1735863980131 0.043699100613594055 3
1735864017613 0.045667558908462524 4
1735864055184 0.047014862298965454 5
1735864092809 0.04666285961866379 6
1735864130404 0.04361157864332199 7
1735864166391 0.040570590645074844 8
1735864204128 0.03602522984147072 9
1735864241660 0.03187955170869827 10
1735864277765 0.028083564713597298 11
1735864315312 0.02435571514070034 12
1735864352875 0.021062491461634636 13
1735864390501 0.018537700176239014 14
1735864427967 0.016225434839725494 15
1735864465684 0.01449125912040472 16
1735864503178 0.012877116911113262 17
1735864540976 0.011671157553792 18
1735864578444 0.010483687743544579 19
1735864615894 0.009458106942474842 20
1735864653540 0.008663678541779518 21
1735864691319 0.008541022427380085 22
1735864727344 0.007443113252520561 23
1735864765053 0.006800052709877491 24
1735864802560 0.006272299215197563 25
1735864838563 0.005807813256978989 26
1735864876074 0.0054542249999940395 27
1735864914028 0.005089205224066973 28
1735864951637 0.004784971941262484 29
1735864989159 0.004531325306743383 30
1735865026770 0.004464520141482353 31
1735865064252 0.004234934225678444 32
1735865101743 0.0038347213994711637 33
1735865139367 0.003922976553440094 34
1735865176962 0.0034909772220999002 35
1735865214522 0.0032331605907529593 36
1735865252007 0.003111189464107156 37
1735865289585 0.002923616673797369 38
1735865327002 0.0027934133540838957 39
1735865364704 0.0027612163685262203 40
1735865402115 0.0025523880030959845 41
1735865439708 0.002442124765366316 42
1735865475768 0.0024499655701220036 43
1735865511826 0.0023490884341299534 44
1735865549453 0.002257188083603978 45
1735865586907 0.002363884123042226 46
1735865622905 0.0019425017526373267 47
1735865660561 0.0018868702463805676 48
1735865698042 0.0024189953692257404 49
1735865735571 0.0017769766272976995 50
1735865773148 0.0018070655642077327 51
1735865810774 0.0018382238922640681 52
1735865848834 0.0015377842355519533 53
1735865884890 0.0014688967494294047 54
1735865922351 0.0015007623005658388 55
1735865959792 0.001393086975440383 56
1735865997609 0.0013282393338158727 57
1735866035253 0.0017327320529147983 58
1735866072970 0.0012389419134706259 59
1735866110578 0.0011876916978508234 60
1735866146640 0.00118405488319695 61
1735866184294 0.0011101736454293132 62
1735866221831 0.0011166665935888886 63
1735866257726 0.001085154595784843 64
1735866293829 0.000998001080006361 65
1735866329895 0.0010134339099749923 66
1735866367451 0.0009755284409038723 67
1735866404896 0.001367438118904829 68
1735866440907 0.0008991152863018215 69
1735866476877 0.0008933722856454551 70
1735866514515 0.0008000598754733801 71
1735866552027 0.0007988573634065688 72
1735866589569 0.0007944682147353888 73
1735866627310 0.0008272219565697014 74
1735866663442 0.0010111078154295683 75
1735866701123 0.0007562015089206398 76
1735866737353 0.0008033259073272347 77
1735866774960 0.0008807600825093687 78
1735866811072 0.0010436857119202614 79
1735866848708 0.0007502518710680306 80
1735866886283 0.0006573823047801852 81
1735866922297 0.0006315541686490178 82
1735866958428 0.0006783040589652956 83
1735866994557 0.0006229018326848745 84
1735867030534 0.0007842991617508233 85
1735867066763 0.0005672971601597965 86
1735867104534 0.0006645825342275202 87
1735867140569 0.0007605206337757409 88
1735867178258 0.0005996667314320803 89
1735867216064 0.0004959096550010145 90
1735867252114 0.000596088997554034 91
1735867288085 0.0009331044857390225 92
1735867325575 0.0005534715601243079 93
1735867361605 0.0004218649410177022 94
1735867397669 0.00043101207120344043 95
1735867435240 0.000556680781301111 96
1735867471129 0.000531288213096559 97
1735867508847 0.0004115140181966126 98
1735867544759 0.00043968064710497856 99
