1735863868251 0.0010000000474974513 0
1735863905339 0.0010000000474974513 1
1735863942634 0.0010000000474974513 2
1735863980131 0.0010000000474974513 3
1735864017613 0.0010000000474974513 4
1735864055184 0.0010000000474974513 5
1735864092809 0.0010000000474974513 6
1735864130404 0.0010000000474974513 7
1735864166391 0.0010000000474974513 8
1735864204128 0.0010000000474974513 9
1735864241660 0.0010000000474974513 10
1735864277765 0.0010000000474974513 11
1735864315312 0.0010000000474974513 12
1735864352875 0.0010000000474974513 13
1735864390501 0.0010000000474974513 14
1735864427967 0.0010000000474974513 15
1735864465684 0.0010000000474974513 16
1735864503178 0.0010000000474974513 17
1735864540976 0.0010000000474974513 18
1735864578444 0.0010000000474974513 19
1735864615894 0.0010000000474974513 20
1735864653540 0.0010000000474974513 21
1735864691319 0.0010000000474974513 22
1735864727344 0.0010000000474974513 23
1735864765053 0.0010000000474974513 24
1735864802560 0.0010000000474974513 25
1735864838563 0.0010000000474974513 26
1735864876074 0.0010000000474974513 27
1735864914028 0.0010000000474974513 28
1735864951637 0.0010000000474974513 29
1735864989159 0.0010000000474974513 30
1735865026770 0.0010000000474974513 31
1735865064252 0.0010000000474974513 32
1735865101743 0.0010000000474974513 33
1735865139367 0.0010000000474974513 34
1735865176962 0.0010000000474974513 35
1735865214522 0.0010000000474974513 36
1735865252007 0.0010000000474974513 37
1735865289585 0.0010000000474974513 38
1735865327002 0.0010000000474974513 39
1735865364704 0.0010000000474974513 40
1735865402115 0.0010000000474974513 41
1735865439708 0.0010000000474974513 42
1735865475768 0.0010000000474974513 43
1735865511826 0.0010000000474974513 44
1735865549453 0.0010000000474974513 45
1735865586907 0.0010000000474974513 46
1735865622905 0.0010000000474974513 47
1735865660561 0.0010000000474974513 48
1735865698042 0.0010000000474974513 49
1735865735571 0.0010000000474974513 50
1735865773148 0.0010000000474974513 51
1735865810774 0.0010000000474974513 52
1735865848834 0.0010000000474974513 53
1735865884890 0.0010000000474974513 54
1735865922351 0.0010000000474974513 55
1735865959792 0.0010000000474974513 56
1735865997609 0.0010000000474974513 57
1735866035253 0.0010000000474974513 58
1735866072970 0.0010000000474974513 59
1735866110578 0.0010000000474974513 60
1735866146640 0.0010000000474974513 61
1735866184294 0.0010000000474974513 62
1735866221831 0.0010000000474974513 63
1735866257726 0.0010000000474974513 64
1735866293829 0.0010000000474974513 65
1735866329895 0.0010000000474974513 66
1735866367451 0.0010000000474974513 67
1735866404896 0.0010000000474974513 68
1735866440907 0.0010000000474974513 69
1735866476877 0.0010000000474974513 70
1735866514515 0.0010000000474974513 71
1735866552027 0.0010000000474974513 72
1735866589569 0.0010000000474974513 73
1735866627310 0.0010000000474974513 74
1735866663442 0.0010000000474974513 75
1735866701123 0.0010000000474974513 76
1735866737353 0.0010000000474974513 77
1735866774960 0.0010000000474974513 78
1735866811072 0.0010000000474974513 79
1735866848708 0.0010000000474974513 80
1735866886283 0.0010000000474974513 81
1735866922297 0.0010000000474974513 82
1735866958428 0.0010000000474974513 83
1735866994557 0.0010000000474974513 84
1735867030534 0.0010000000474974513 85
1735867066763 0.0010000000474974513 86
1735867104534 0.0010000000474974513 87
1735867140569 0.0010000000474974513 88
1735867178258 0.0010000000474974513 89
1735867216064 0.0010000000474974513 90
1735867252114 0.0010000000474974513 91
1735867288085 0.0010000000474974513 92
1735867325575 0.0010000000474974513 93
1735867361605 0.0010000000474974513 94
1735867397669 0.0010000000474974513 95
1735867435240 0.0010000000474974513 96
1735867471129 0.0010000000474974513 97
1735867508847 0.0010000000474974513 98
1735867544759 0.0010000000474974513 99
