1735863905339 0.7706909775733948 1
1735863942634 0.7630066871643066 2
1735863980131 0.758249819278717 3
1735864017613 0.7531809210777283 4
1735864055184 0.7475952506065369 5
1735864092809 0.7413179278373718 6
1735864130404 0.7345151901245117 7
1735864166391 0.7277548313140869 8
1735864204128 0.7216379046440125 9
1735864241660 0.7163896560668945 10
1735864277765 0.7120204567909241 11
1735864315312 0.7084967494010925 12
1735864352875 0.7057709693908691 13
1735864390501 0.7036430239677429 14
1735864427967 0.7019675970077515 15
1735864465684 0.7006099820137024 16
1735864503178 0.6995623707771301 17
1735864540976 0.6987230181694031 18
1735864578444 0.6980577111244202 19
1735864615894 0.6974855065345764 20
1735864653540 0.6970051527023315 21
1735864691319 0.696609616279602 22
1735864727344 0.6962716579437256 23
1735864765053 0.6960116028785706 24
1735864802560 0.6957083940505981 25
1735864838563 0.6954895257949829 26
1735864876074 0.6952798366546631 27
1735864914028 0.6951138973236084 28
1735864951637 0.6949406862258911 29
1735864989159 0.6947959661483765 30
1735865026770 0.6947035789489746 31
1735865064252 0.6945990324020386 32
1735865101743 0.6944658160209656 33
1735865139367 0.694349467754364 34
1735865176962 0.6942523121833801 35
1735865214522 0.694176971912384 36
1735865252007 0.6940925121307373 37
1735865289585 0.6940338015556335 38
1735865327002 0.694007158279419 39
1735865364704 0.693975567817688 40
1735865402115 0.6938226819038391 41
1735865439708 0.6937306523323059 42
1735865475768 0.6938022375106812 43
1735865511826 0.6937885880470276 44
1735865549453 0.6937167644500732 45
1735865586907 0.6936440467834473 46
1735865622905 0.6935812830924988 47
1735865660561 0.6936280131340027 48
1735865698042 0.6935568451881409 49
1735865735571 0.6935575604438782 50
1735865773148 0.693510115146637 51
1735865810774 0.6934931874275208 52
1735865848834 0.6934617757797241 53
1735865884890 0.6934981346130371 54
1735865922351 0.6933994293212891 55
1735865959792 0.6934370994567871 56
1735865997609 0.6934301257133484 57
1735866035253 0.6932788491249084 58
1735866072970 0.6933997273445129 59
1735866110578 0.6932926177978516 60
1735866146640 0.6932060718536377 61
1735866184294 0.6933110952377319 62
1735866221831 0.6931937336921692 63
1735866257726 0.6932398080825806 64
1735866293829 0.6932777762413025 65
1735866329895 0.6932801008224487 66
1735866367451 0.6932712197303772 67
1735866404896 0.6930769681930542 68
1735866440907 0.6932737827301025 69
1735866476877 0.6932041645050049 70
1735866514515 0.6931458115577698 71
1735866552027 0.6931658983230591 72
1735866589569 0.6931229829788208 73
1735866627310 0.6931014657020569 74
1735866663442 0.693213939666748 75
1735866701123 0.6931501626968384 76
1735866737353 0.6930477023124695 77
1735866774960 0.6931015849113464 78
1735866811072 0.6930395364761353 79
1735866848708 0.69301837682724 80
1735866886283 0.6931076049804688 81
1735866922297 0.6931531429290771 82
1735866958428 0.6931202411651611 83
1735866994557 0.6930904984474182 84
1735867030534 0.6930966973304749 85
1735867066763 0.693067729473114 86
1735867104534 0.693139374256134 87
1735867140569 0.6931145191192627 88
1735867178258 0.6930899620056152 89
1735867216064 0.6930501461029053 90
1735867252114 0.693092405796051 91
1735867288085 0.6930690407752991 92
1735867325575 0.6930170059204102 93
1735867361605 0.6931245923042297 94
1735867397669 0.6929436326026917 95
1735867435240 0.6930698156356812 96
1735867471129 0.6930052042007446 97
1735867508847 0.6929963231086731 98
1735867544759 0.6929483413696289 99
