1735863868251 0.0049682981334626675 0
1735863905339 nan 1
1735863942634 0.004990596789866686 2
1735863980131 nan 3
1735864017613 nan 4
1735864055184 nan 5
1735864092809 nan 6
1735864130404 nan 7
1735864166391 nan 8
1735864204128 nan 9
1735864241660 0.004438466392457485 10
1735864277765 nan 11
1735864315312 0.00459060724824667 12
1735864352875 nan 13
1735864390501 nan 14
1735864427967 nan 15
1735864465684 0.006236007437109947 16
1735864503178 nan 17
1735864540976 nan 18
1735864578444 nan 19
1735864615894 nan 20
1735864653540 0.0038419391494244337 21
1735864691319 0.004233341198414564 22
1735864727344 nan 23
1735864765053 nan 24
1735864802560 nan 25
1735864838563 nan 26
1735864876074 nan 27
1735864914028 nan 28
1735864951637 nan 29
1735864989159 nan 30
1735865026770 nan 31
1735865064252 nan 32
1735865101743 nan 33
1735865139367 0.006450146436691284 34
1735865176962 nan 35
1735865214522 nan 36
1735865252007 0.004695638548582792 37
1735865289585 nan 38
1735865327002 nan 39
1735865364704 0.004632486961781979 40
1735865402115 nan 41
1735865439708 nan 42
1735865475768 nan 43
1735865511826 nan 44
1735865549453 nan 45
1735865586907 nan 46
1735865622905 nan 47
1735865660561 0.006041255779564381 48
1735865698042 0.0048871408216655254 49
1735865735571 nan 50
1735865773148 nan 51
1735865810774 nan 52
1735865848834 0.0037642898969352245 53
1735865884890 nan 54
1735865922351 nan 55
1735865959792 nan 56
1735865997609 nan 57
1735866035253 nan 58
1735866072970 nan 59
1735866110578 nan 60
1735866146640 nan 61
1735866184294 nan 62
1735866221831 0.0038089165464043617 63
1735866257726 nan 64
1735866293829 nan 65
1735866329895 nan 66
1735866367451 nan 67
1735866404896 nan 68
1735866440907 0.004447678569704294 69
1735866476877 nan 70
1735866514515 nan 71
1735866552027 nan 72
1735866589569 nan 73
1735866627310 nan 74
1735866663442 0.0047363699413836 75
1735866701123 nan 76
1735866737353 nan 77
1735866774960 nan 78
1735866811072 nan 79
1735866848708 0.0044270846992731094 80
1735866886283 0.0035161215346306562 81
1735866922297 0.005396009888499975 82
1735866958428 nan 83
1735866994557 nan 84
1735867030534 0.0029293063562363386 85
1735867066763 nan 86
1735867104534 nan 87
1735867140569 nan 88
1735867178258 nan 89
1735867216064 nan 90
1735867252114 nan 91
1735867288085 nan 92
1735867325575 nan 93
1735867361605 nan 94
1735867397669 nan 95
1735867435240 nan 96
1735867471129 nan 97
1735867508847 nan 98
1735867544759 0.004216397181153297 99
