1735863868251 0.770560085773468 0
1735863905339 0.7629354000091553 1
1735863942634 0.7582908868789673 2
1735863980131 0.7532016634941101 3
1735864017613 0.7475697994232178 4
1735864055184 0.741375207901001 5
1735864092809 0.7345244288444519 6
1735864130404 0.7277849912643433 7
1735864166391 0.7216638922691345 8
1735864204128 0.7163829803466797 9
1735864241660 0.7120069265365601 10
1735864277765 0.7084996700286865 11
1735864315312 0.7057672142982483 12
1735864352875 0.703624427318573 13
1735864390501 0.70194411277771 14
1735864427967 0.700625479221344 15
1735864465684 0.6995793581008911 16
1735864503178 0.6987354159355164 17
1735864540976 0.6980485320091248 18
1735864578444 0.6974813938140869 19
1735864615894 0.6970062255859375 20
1735864653540 0.6966074109077454 21
1735864691319 0.6962664127349854 22
1735864727344 0.6959936022758484 23
1735864765053 0.6957219243049622 24
1735864802560 0.6954902410507202 25
1735864838563 0.6952890753746033 26
1735864876074 0.695110559463501 27
1735864914028 0.6949489116668701 28
1735864951637 0.6948089599609375 29
1735864989159 0.6946915984153748 30
1735865026770 0.6945772767066956 31
1735865064252 0.6944540143013 32
1735865101743 0.6943560838699341 33
1735865139367 0.6942719221115112 34
1735865176962 0.6941913366317749 35
1735865214522 0.6941143870353699 36
1735865252007 0.6940478682518005 37
1735865289585 0.6939842700958252 38
1735865327002 0.6939258575439453 39
1735865364704 0.6938759684562683 40
1735865402115 0.693824827671051 41
1735865439708 0.693775475025177 42
1735865475768 0.6937344074249268 43
1735865511826 0.693701446056366 44
1735865549453 0.6936625242233276 45
1735865586907 0.6936197876930237 46
1735865622905 0.6935932040214539 47
1735865660561 0.6935597658157349 48
1735865698042 0.6935341358184814 49
1735865735571 0.6935036778450012 50
1735865773148 0.6934754848480225 51
1735865810774 0.6934478878974915 52
1735865848834 0.6934425234794617 53
1735865884890 0.6934067010879517 54
1735865922351 0.6933832764625549 55
1735865959792 0.6933597922325134 56
1735865997609 0.6933375597000122 57
1735866035253 0.6933251619338989 58
1735866072970 0.6933149099349976 59
1735866110578 0.6933004856109619 60
1735866146640 0.6932843923568726 61
1735866184294 0.693264365196228 62
1735866221831 0.6932472586631775 63
1735866257726 0.693244993686676 64
1735866293829 0.6932503581047058 65
1735866329895 0.6932294964790344 66
1735866367451 0.6932114958763123 67
1735866404896 0.6932029724121094 68
1735866440907 0.6931901574134827 69
1735866476877 0.6931753754615784 70
1735866514515 0.69316166639328 71
1735866552027 0.693152666091919 72
1735866589569 0.6931453347206116 73
1735866627310 0.6931411027908325 74
1735866663442 0.6931325197219849 75
1735866701123 0.6931209564208984 76
1735866737353 0.693120539188385 77
1735866774960 0.6931175589561462 78
1735866811072 0.6931067705154419 79
1735866848708 0.6930989027023315 80
1735866886283 0.6930921077728271 81
1735866922297 0.6930853128433228 82
1735866958428 0.6930782198905945 83
1735866994557 0.6930795311927795 84
1735867030534 0.6930761337280273 85
1735867066763 0.6930677890777588 86
1735867104534 0.6930646300315857 87
1735867140569 0.6930612921714783 88
1735867178258 0.6930537819862366 89
1735867216064 0.6930469870567322 90
1735867252114 0.693048894405365 91
1735867288085 0.6930431723594666 92
1735867325575 0.6930341720581055 93
1735867361605 0.6930288076400757 94
1735867397669 0.6930265426635742 95
1735867435240 0.6930330395698547 96
1735867471129 0.6930310726165771 97
1735867508847 0.6930216550827026 98
1735867544759 0.6930179595947266 99
