1735863868251 0.7657561302185059 0
1735863905339 0.7608647346496582 1
1735863942634 0.755894660949707 2
1735863980131 0.7507944703102112 3
1735864017613 0.7446958422660828 4
1735864055184 0.7382298707962036 5
1735864092809 0.7312166690826416 6
1735864130404 0.7248990535736084 7
1735864166391 0.719019889831543 8
1735864204128 0.7142311334609985 9
1735864241660 0.7101953625679016 10
1735864277765 0.7071197032928467 11
1735864315312 0.704667329788208 12
1735864352875 0.7027782201766968 13
1735864390501 0.701278030872345 14
1735864427967 0.7001122832298279 15
1735864465684 0.6991259455680847 16
1735864503178 0.6984040141105652 17
1735864540976 0.6977275609970093 18
1735864578444 0.6972630023956299 19
1735864615894 0.6968355178833008 20
1735864653540 0.6964225769042969 21
1735864691319 0.6960967183113098 22
1735864727344 0.6958599090576172 23
1735864765053 0.6955600380897522 24
1735864802560 0.6953983902931213 25
1735864838563 0.6952816843986511 26
1735864876074 0.6949784159660339 27
1735864914028 0.6948667764663696 28
1735864951637 0.6948080658912659 29
1735864989159 0.6945760250091553 30
1735865026770 0.69451904296875 31
1735865064252 0.6943262219429016 32
1735865101743 0.6943510174751282 33
1735865139367 0.694087028503418 34
1735865176962 0.6941019296646118 35
1735865214522 0.6940748691558838 36
1735865252007 0.6940109729766846 37
1735865289585 0.6939698457717896 38
1735865327002 0.6939963102340698 39
1735865364704 0.6938321590423584 40
1735865402115 0.6938841342926025 41
1735865439708 0.693792998790741 42
1735865475768 0.6936869025230408 43
1735865511826 0.6936815977096558 44
1735865549453 0.6936421394348145 45
1735865586907 0.6936066746711731 46
1735865622905 0.6936722993850708 47
1735865660561 0.6934489607810974 48
1735865698042 0.6933925747871399 49
1735865735571 0.6936342716217041 50
1735865773148 0.6934442520141602 51
1735865810774 0.6932588815689087 52
1735865848834 0.6934130787849426 53
1735865884890 0.6934746503829956 54
1735865922351 0.6934023499488831 55
1735865959792 0.6933528780937195 56
1735865997609 0.6933844685554504 57
1735866035253 0.6932987570762634 58
1735866072970 0.6933106780052185 59
1735866110578 0.6932821869850159 60
1735866146640 0.693219780921936 61
1735866184294 0.6931749582290649 62
1735866221831 0.6932546496391296 63
1735866257726 0.6931977272033691 64
1735866293829 0.6933046579360962 65
1735866329895 0.6933273673057556 66
1735866367451 0.6932812929153442 67
1735866404896 0.6932196617126465 68
1735866440907 0.6930329203605652 69
1735866476877 0.693354070186615 70
1735866514515 0.6931641697883606 71
1735866552027 0.6932298541069031 72
1735866589569 0.693220853805542 73
1735866627310 0.6932698488235474 74
1735866663442 0.6930078864097595 75
1735866701123 0.6931554079055786 76
1735866737353 0.6932455897331238 77
1735866774960 0.6930962800979614 78
1735866811072 0.6930608749389648 79
1735866848708 0.6930046081542969 80
1735866886283 0.6931049227714539 81
1735866922297 0.6928647756576538 82
1735866958428 0.6930721998214722 83
1735866994557 0.6931559443473816 84
1735867030534 0.6930878162384033 85
1735867066763 0.6931495666503906 86
1735867104534 0.6932103633880615 87
1735867140569 0.6931279301643372 88
1735867178258 0.6930677890777588 89
1735867216064 0.6929252743721008 90
1735867252114 0.6929160356521606 91
1735867288085 0.69314044713974 92
1735867325575 0.6929255723953247 93
1735867361605 0.693004846572876 94
1735867397669 0.6931576132774353 95
1735867435240 0.6930078864097595 96
1735867471129 0.6930961012840271 97
1735867508847 0.6930926442146301 98
1735867544759 0.693067729473114 99
